8 259.684601
10 758.724915
11 286.256348
12 310.528717
15 352.958069
15 429.840790
14 558.196838
19 1015.731689
16 884.924805
18 375.707733
18 567.459045
16 578.242065
13 442.036987
22 767.924011
23 536.627014
20 890.820190
17 874.159912
20 880.875732
23 940.812866
27 596.204163
29 972.120972
32 984.872314
33 912.539246
26 1406.558716
28 970.889282
28 1093.134766
30 1453.420654
28 1060.376831
27 1245.767822
32 931.403198
43 1011.711792
46 1171.438354
41 1206.377197
33 1341.313110
46 947.461792
50 1016.488159
42 1050.734131
45 1231.840332
45 1214.669067
37 1767.166748
38 1269.297974
48 1473.904907
50 1334.673340
42 1209.125366
48 1198.577881
46 1211.799927
45 1695.131470
46 1487.465942
50 1504.382324
50 1491.160645
47 1384.511719
49 1525.496094
50 1374.605713
45 1431.312012
50 1433.584839
49 1522.198486
50 1542.103149
50 1493.323120
46 1355.404663
50 1608.569702
50 1654.738647
50 1821.968384
50 1769.042114
50 1729.523682
50 1687.047485
49 1606.211182
49 1489.075684
50 1839.981079
50 1890.421509
50 1841.525879
50 1642.089233
50 1696.227051
50 1719.364868
50 1778.190796
50 1999.730713
51 1821.815308
50 1798.918091
50 2152.143311
50 2212.833252
50 2105.007568
