8 276.563812
11 200.080887
10 138.659119
15 153.085052
14 331.297394
14 304.253418
16 272.782898
18 387.594910
15 454.882416
17 324.002167
19 391.295410
22 721.795715
24 407.277985
26 374.458862
27 717.358215
20 441.929047
35 738.630798
29 514.703064
23 801.677795
30 774.871155
35 627.037842
35 976.891663
37 629.463867
28 974.395142
40 728.718811
48 720.859436
41 831.099426
45 680.979126
44 969.611572
44 881.987427
43 747.626404
44 761.412598
50 967.658203
50 948.293152
50 910.237183
50 1474.802490
50 984.543762
50 974.941895
50 1100.835815
50 995.806824
50 978.018066
50 1338.703857
50 1169.411011
50 1261.696045
51 1176.376587
50 1193.158203
50 1460.861938
50 1422.573120
50 1379.973755
50 1248.744263
50 1263.256226
50 1439.650513
50 1440.391968
50 1275.250732
50 1319.686768
50 1567.025513
50 1685.476318
50 1701.240723
50 1684.734619
50 1852.858521
50 1529.001099
50 1583.274780
50 1609.045776
50 1667.064453
50 1685.935547
50 1711.532104
50 1555.804321
50 1937.478271
50 1893.892822
50 1763.876953
50 1735.590698
50 2227.510986
50 1882.638184
50 1964.640869
50 1880.080322
50 1844.697144
50 1869.176514
50 1960.942383
50 1986.251953
50 1956.447388
