10 337.507416
10 451.511139
10 276.745667
11 258.220581
12 281.066254
13 301.923035
13 301.923035
14 319.391357
14 276.095734
15 380.523132
14 280.233307
15 359.709534
14 280.453949
15 544.183289
16 418.463287
17 365.713226
18 377.334961
19 523.295349
20 366.121185
21 388.390106
22 485.203613
22 438.691193
22 400.669739
22 396.042633
22 793.098267
23 397.981750
24 396.481964
25 462.257141
25 468.263885
26 436.387695
27 791.084290
27 503.583069
27 551.618164
28 553.526306
29 509.786194
31 560.392822
31 686.801453
33 590.480957
34 629.218018
34 589.965149
35 627.037842
34 596.731140
35 613.941040
37 703.275391
38 638.075500
38 638.075500
37 603.835144
38 583.431763
39 631.384155
40 634.641907
41 643.468811
42 695.768250
42 710.325623
43 741.168945
42 684.017517
42 694.187622
43 690.932312
44 731.855835
46 741.242310
46 926.479492
47 765.565491
48 898.859314
49 822.664307
50 887.651123
53 873.661438
52 864.661499
53 821.622131
54 875.852356
55 973.437256
57 896.830505
